3893
3936
3970
3923
4033
3875
3942
4056
4042
3879
4012
3931
3933
4049
3978
3955
3813
4040
3977
3894
4049
3932
4115
3986
3986
3919
3894
3985
4000
3985
4007
3980
4047
4075
3975
3852
3990
4113
4170
4021
4189
3967
3990
4060
4010
3994
4018
3967
3923
4070
3870
3963
3900
4003
4104
4035
3946
4029
3980
3927
4028
4008
3806
4124
3894
4030
4128
4118
3877
3857
3985
3953
4049
4096
3888
3908
4006
4006
3945
3942
4016
4023
4020
3896
3963
3960
4039
4008
3894
3869
4011
3909
3884
3803
3939
4026
3795
3793
3921
4036
4026
4035
3921
4085
3935
3925
3863
4091
4020
3908
3958
4074
4040
3846
4035
4047
3936
3794
3909
3963
3971
3862
3891
4109
3819
4098
4009
4092
3948
3914
3985
3934
3980
4101
4011
3885
4049
4110
4194
4074
3979
4086
3884
4016
3914
3937
4049
3915
3931
3951
3943
3879
3924
3993
3916
3788
3979
4021
3850
4110
3936
3984
3902
3962
3847
4066
4010
4016
4150
3975
4071
4007
4063
3978
3931
4009
4066
4047
4006
4094
4146
3936
3927
4039
3820
4071
3951
3908
4063
3939
4063
3927
4097
4008
4057
3911
3950
4034
3909
3962
